,BAAI__bge-small-en
ChemRxivRetrieval,0.63819
